354 - 394 - 66
MATRIZ FUNDAMENTAL 1
[2.193472608316303e-06, -2.75841059362878e-05, 0.02070784236506873;
 2.247975992466643e-05, -7.339141954659919e-06, 0.005301090308749257;
 -0.02411195707981106, -0.001025150679903775, 1]
A POINTS 1 66
A POINTS 2 66
Nueva matriz fundamental de colmap
 5.54091e-06   5.7391e-05   -0.0221598
-4.80312e-05   1.7484e-05    0.0106752
   0.0184706   -0.0212153            1
 6.65034e-06  5.21272e-05    -0.016993
-4.27176e-05  1.03784e-05   0.00883254
   0.0119636   -0.0148599            1
 1.00668e-05  3.59174e-05  -0.00108223
-2.63546e-05 -1.15027e-05   0.00315825
 -0.00807406    0.0047113            1
---------------------------------------------
Matriz fundamental 3
[5.540911124759218e-06, -4.803122977319671e-05, 0.01847055545919814;
 6.650343891427381e-06, -4.271757402400437e-05, 0.01196360213279874;
 1.006675680634113e-05, -2.635457964313231e-05, -0.008074060399753046]
---------------------------------------------
----A----
----B----
----C----
----D----
MATRIZ ESENCIAL
=====================================
D POINTS 1 40
D POINTS 2 40
points1 size 0
points2 size 0
points1 size2 31
points2 size2 31
MATRIZ FUNDAMENTAL 2
[2.448167556426851e-06, -1.461485651680998e-05, 0.0117426413879187;
 1.394248064660658e-05, -4.362330264024946e-06, 0.00488098920835783;
 -0.01519853308466851, -0.00328601453216297, 1]
www
[0.02344103713905666;
 4.926225575614999e-05;
 1.259322587084796e-21]
uuu
[0.7879607328161078, 0.1717961420169933, 0.5912731763981682;
 0.5103727875174209, 0.3549515063203597, -0.7832809495465883;
 -0.3444379498568647, 0.9189643702282394, 0.1920077731484203]
vtvtvt
[0.0001831319083111361, -0.002157374379774349, 0.9999976560964978;
 0.2550319178900958, -0.9669302830488677, -0.002132740100418039;
 0.9669326177764423, 0.2550317106926548, 0.000373123537742242]
D
[0.02344103713905666, 0, 0;
 0, 4.926225575614999e-05, 0;
 0, 0, 1.259322587084796e-21]
matriz fundamental 2
[5.540911124759218e-06, -4.803122977319671e-05, 0.01847055545919814;
 6.650343891427381e-06, -4.271757402400437e-05, 0.01196360213279874;
 1.006675680634113e-05, -2.635457964313231e-05, -0.008074060399753046]

Obtenemos la matriz fundamental de nuevo
[5.540911124759216e-06, -4.80312297731967e-05, 0.01847055545919814;
 6.65034389142738e-06, -4.271757402400436e-05, 0.01196360213279874;
 1.006675680634113e-05, -2.635457964313232e-05, -0.008074060399753044]
m
[0;
 0;
 1]
epipole de la segunda imagen
[0.5912731763981682;
 -0.7832809495465883;
 0.1920077731484203]
Si multiplicamos la matriz fundamental x el epipole obtenemos
[1.694065894508601e-21;
 0;
 0]
Matriz U
[0.02344103713905666;
 4.926225575614998e-05;
 5.983880828955556e-23]
Matriz D
[0.0001831319083111362, 0.2550319178900959, 0.9669326177764425;
 -0.00215737437977435, -0.9669302830488677, 0.2550317106926549;
 0.9999976560964979, -0.002132740100418037, 0.0003731235377422422]
Matriz V
[0.7879607328161078, 0.5103727875174209, -0.3444379498568647;
 0.1717961420169934, 0.3549515063203597, 0.9189643702282395;
 0.5912731763981683, -0.7832809495465883, 0.1920077731484202]
[1 x 3] ep 6
[3 x 1] epT 6
sdsd
SKEW SYMMETRIC MATRIX
[0, -0.000373123537742242, 0.2550317106926548;
 0.000373123537742242, 0, -0.9669326177764423;
 -0.2550317106926548, 0.9669326177764423, 0]
proyeccion 1
[1, 0, 0, 0;
 0, 1, 0, 0;
 0, 0, 1, 0]
proyeccion 2
[2.564860809608133e-06, -6.705314598630247e-06, -0.00206360533753677, 0.9669326177764423;
 -9.731808066913061e-06, 2.546518110235658e-05, 0.007813964157415322, 0.2550317106926548;
 5.017326385108145e-06, -2.905552898035916e-05, 0.006857419772100059, 0.000373123537742242]
proyeccion 2 usando calibracion
[2.564860809608133e-06, -6.705314598630247e-06, -0.00206360533753677, 0.9669326177764423;
 -9.731808066913061e-06, 2.546518110235658e-05, 0.007813964157415322, 0.2550317106926548;
 5.017326385108145e-06, -2.905552898035916e-05, 0.006857419772100059, 0.000373123537742242]
puntos 3D
3.73109e+06 15921.7 607.522; 
-733503 -2980.18 332.362; 
6.42314e+06 27349.3 219.27; 
-686270 -2783.56 397.001; 
5.95164e+06 25349 265.709; 
6.73413e+06 28671.2 142.172; 
-746383 -3033.36 306.865; 
-720361 -2926.93 377.074; 
-578855 -2323.91 313.746; 
891347 3910.17 227.505; 
-268151 -1008.82 339.329; 
-262662 -986.111 349.476; 
1.09442e+06 4772.31 195.815; 
1.24103e+06 5394.2 183.563; 
495422 2220.84 443.605; 
4.21781e+06 17998.8 336.04; 
-350737 -1362.73 412.643; 
2.52685e+06 10847.3 91.3455; 
2.52685e+06 10847.3 91.3455; 
-151773 -518.672 393.719; 
2.64968e+06 11368.8 72.8632; 
-18626.8 42.7795 443.355; 
2.07793e+06 8928.5 398.694; 
2.49329e+06 10686.7 430.781; 
2.78235e+06 11911.7 425.422; 
-163829 -565.202 310.075; 
2.21292e+06 9498.4 437.426; 
3.46439e+06 14803.7 387.791; 
332030 1528.54 443.558; 
3.2273e+06 13798.2 405.25; 
4.39059e+06 18729.1 369.611; 

======================================================================================================
================================================= QR =================================================
======================================= Matriz de Proyección 2 =======================================

[2.564860809608133e-06, -6.705314598630247e-06, -0.00206360533753677, 0.9669326177764423;
 -9.731808066913061e-06, 2.546518110235658e-05, 0.007813964157415322, 0.2550317106926548;
 5.017326385108145e-06, -2.905552898035916e-05, 0.006857419772100059, 0.000373123537742242]
============================================== Matriz M ==============================================

[2.564860809608133e-06, -6.705314598630247e-06, -0.00206360533753677;
 -9.731808066913061e-06, 2.546518110235658e-05, 0.007813964157415322;
 5.017326385108145e-06, -2.905552898035916e-05, 0.006857419772100059]
========================================== Matriz M inversa ==========================================

[-3.977890538911618e+21, -1.049181928953512e+21, -1.535003125702001e+18;
 -1.049181928953512e+21, -2.767252415004347e+20, -4.048622063929917e+17;
 -1.535003125702042e+18, -4.048622063930353e+17, -592332688108544]
============================================== Matriz Q ==============================================

[-0.2280798573084395, 0.1141091204512522, 0.9669326177764425;
 0.8653995518742286, -0.4313263754479461, 0.2550317106926547;
 -0.4461649855222243, -0.8949506503002156, 0.0003731235377421038]
============================================== Matriz R ==============================================

[-1.124545078147605e-05, 3.653046317810175e-05, 0.004173327297775986;
 -1.486188381488311e-22, 1.425432273958556e-05, -0.009742897312345448;
 3.965837167369181e-22, 1.694065894508601e-21, -1.734723475976807e-18]
================================== Calculo del centro de la camara C =================================

============================================== M.inv()*M =============================================

[-0.1220703125, 0.375, -356;
 -0.15673828125, 0.724609375, 451.5;
 -0.001413822174072266, 0.00418853759765625, 0.29296875]

Se aprecia que M no tiene inversa
make invertible
Matriz pseudoinversa

[0.9349612521808132, 0.2465917743214544, -0.001702820018433663;
 0.2465887478279861, 0.06506663863992446, 0.007909122491545418;
 0.0003658026454882155, 6.610280514973739e-05, 0.006857558993274426]

NUEVOS PUNTOS 3D despues de encontrar la pseudoinversa

-0.324441 -0.00108101 0.69855; 
-0.150279 -0.00210841 0.704179; 
-0.735326 -0.00189675 0.55904; 
-0.144097 -0.0017888 0.703899; 
-0.664813 -0.00180731 0.600393; 
-0.817242 -0.00209858 0.494766; 
-0.151665 -0.00227115 0.704248; 
-0.142801 -0.00188292 0.703871; 
-0.177406 -0.00221016 0.704712; 
-0.236764 -0.0027862 0.703979; 
-0.220031 -0.00207315 0.704341; 
-0.218112 -0.00202279 0.70438; 
-0.441031 -0.00293568 0.678441; 
-0.471324 -0.0030535 0.671317; 
-0.25837 -0.00160843 0.702972; 
-0.570838 -0.00175451 0.64163; 
0.180733 0.00172387 -0.704661; 
-0.508069 -0.00437003 0.661462; 
-0.508069 -0.00437003 0.661462; 
-0.216046 -0.00181217 0.70443; 
-0.57672 -0.00473238 0.638572; 
0.205089 0.00160982 -0.704626; 
-0.413733 -0.00170093 0.684587; 
-0.417742 -0.00157582 0.683978; 
-0.440376 -0.00157818 0.679378; 
-0.239556 -0.00222776 0.703737; 
-0.394954 -0.00156689 0.688109; 
-0.500061 -0.00165132 0.664575; 
-0.243491 -0.00160469 0.703665; 
-0.477397 -0.00161235 0.67067; 
-0.540621 -0.00165685 0.65226; 
-----------------------PUNTOS-3D-INICIO--------------------------
--------------------PUNTOS-3D-FIN--------------------------
