[218.704, 301.807] [305.047, 261.607]
[247.382, 176.078] [316.297, 122.676]
[186.355, 182.222] [242.008, 134.885]
[248.607, 188.897] [321.454, 136.077]
[160.321, 196.157] [206.595, 153.665]
[273.627, 196.779] [348.937, 142.732]
[253.986, 199.361] [330.837, 146.606]
[194.055, 201.101] [257.434, 154.86]
[218.923, 255.631] [301.046, 209.97]
[256.756, 292.417] [346.971, 246.778]
[269.099, 310.313] [358.273, 265.105]
[292.829, 310.654] [380.392, 263.416]
[304.033, 310.915] [392.981, 262.661]
[301.125, 163.054] [365.785, 107.923]
[309.079, 162.758] [372.659, 107.052]
[325.02, 169.852] [388.759, 114.014]
[243.176, 181.419] [312.979, 129.036]
[257.684, 180.266] [328.124, 127.636]
[220.866, 183.431] [287.741, 132.527]
[259.127, 185.96] [332.003, 133.24]
[253.378, 190.157] [327.067, 137.082]
[192.169, 196.073] [254.214, 149.24]
[258.864, 204.567] [335.963, 151.794]
[170.151, 206.532] [226.391, 163.752]
[253.273, 218.908] [332.282, 169.157]
[228.566, 224.754] [307.686, 175.685]
[266.932, 253.043] [353.901, 202.849]
[174.677, 291.875] [196.22, 250.068]
[184.907, 294.18] [261.957, 258.507]
[251.468, 294.573] [342.085, 249.696]
[231.883, 303.052] [319.592, 261.063]
[316.285, 308.743] [404.361, 259.496]
[282.369, 333.944] [370.828, 290.797]
[267.981, 336.37] [356.833, 295.244]
[240.276, 341.855] [324.485, 304.981]
[241.648, 154.85] [300.707, 102.144]
[232.486, 156.486] [290.821, 103.256]
[277.574, 174.795] [347.142, 120.31]
[313.997, 180.367] [382.987, 125.123]
[225.323, 212.236] [300.355, 163.192]
[264.047, 212.727] [343.298, 160.618]
[264.047, 212.727] [343.298, 160.618]
[212.901, 214.96] [286.274, 166.004]
[232.476, 216.567] [309.898, 166.834]
[257.042, 224.379] [338.164, 173.691]
[235.122, 232.086] [313.904, 183.417]
[297.367, 243.125] [382.047, 190.445]
[258.524, 244.751] [343.313, 195.476]
[312.125, 246.606] [395.779, 193.307]
[237.269, 256.935] [322.31, 210.097]
[254.352, 303.945] [344.711, 258.865]
[215.955, 311.273] [299.399, 273.927]
[238.629, 335.388] [324.945, 297.196]
[239.796, 164.111] [304.285, 113.121]
[249.097, 168.855] [314.419, 115.974]
[296.976, 176.539] [366.458, 121.658]
[284.993, 180.358] [356.531, 125.83]
[235.462, 202.686] [310.16, 152.628]
[321.79, 208.603] [397.623, 154.4]
[318.149, 231.212] [398.689, 177.009]
[322.323, 285.335] [408.85, 233.401]
[244.768, 292.613] [334.162, 248.496]
[137.309, 349.958] [114.288, 352.605]
[302.094, 355.443] [386.542, 312.215]
[277.86, 357.036] [420.791, 284.599]
[256.377, 193.309] [332.489, 140.816]
[345.389, 200.105] [414.893, 145.008]
[345.389, 200.105] [414.893, 145.008]
[351.133, 215.856] [422.205, 160.085]
[56.9718, 361.491] [30.7433, 376.335]
[265.886, 145.787] [322.44, 90.6556]
[279.954, 237.704] [364.02, 187.117]
[224.41, 316.942] [309.399, 279.756]
[350.895, 318.97] [432.742, 267.39]
[32.574, 409.683] [43.8937, 427.93]
[173.463, 460.022] [242.51, 452.919]
[314.472, 151.836] [371.981, 96.9127]
[254.293, 156.404] [315.575, 103.367]
[314.807, 170.075] [377.848, 114.22]
[331.31, 319.957] [418.265, 264.158]
[242.01, 432.674] [296.59, 415.224]
[136.281, 224.613] [128.846, 242.339]
FUNDAMENTAL MATRIX by colmap
[1.674113442776451e-06, 2.578098744579829e-06, 0.002826578626294873;
 3.441434753593663e-06, 2.386943018206621e-06, 0.009372937723736041;
 -0.004370667763984704, -0.01358216737204365, 1]
ESSENTIAL MATRIX
[0.8952925987922666, 1.380115162327615, 2.909741754950165;
 1.842278653438422, 1.279067607538157, 8.084589643508398;
 -2.202329425170337, -8.921032514657275, 0.2669787949291047]
CAMERA MATRIX
[731.2907081756015, 0, 319.5;
 0, 732.0246818363515, 239.5;
 0, 0, 1]
essential
0.895293  1.38012  2.90974
 1.84228  1.27907  8.08459
-2.20233 -8.92103 0.266979
projection 1
1 0 0 0
0 1 0 0
0 0 1 0
projection 2
  0.948952  0.0971987   -0.30007  -0.935553
 -0.110997   0.993391 -0.0292405   0.339887
  0.295244  0.0610546   0.953469 -0.0960015
projection 1
1 0 0 0
0 1 0 0
0 0 1 0
projection 2
  0.835833  -0.547845 -0.0353418  -0.935553
 -0.537417   -0.82967   0.151096   0.339887
 -0.112099  -0.107298  -0.987887 -0.0960015
projection 1
1 0 0 0
0 1 0 0
0 0 1 0
projection 2
  0.948952  0.0971987   -0.30007   0.935553
 -0.110997   0.993391 -0.0292405  -0.339887
  0.295244  0.0610546   0.953469  0.0960015
projection 1
1 0 0 0
0 1 0 0
0 0 1 0
projection 2
  0.835833  -0.547845 -0.0353418   0.935553
 -0.537417   -0.82967   0.151096  -0.339887
 -0.112099  -0.107298  -0.987887  0.0960015
  -0.400398
   0.381344
0.000196356
  -0.388665
   0.338308
6.03261e-05
  -0.387796
   0.332042
3.36683e-05
  -0.427658
   0.512879
0.000645126
  -0.413155
   0.441794
0.000440655
  -0.396371
   0.362375
0.000121576
  -0.391707
   0.338804
1.26801e-05
  -0.395606
   0.357032
7.53127e-05
  -0.405653
   0.404146
0.000231667
    -0.3903
   0.333771
1.29243e-05
  -0.404989
    0.40242
0.000261495
  -0.403972
   0.396488
0.000214478
  -0.389864
   0.332393
1.15867e-05
 -0.590125
   1.28996
0.00260789
  -0.392676
   0.342481
1.38727e-05
  -0.389397
   0.326503
3.96166e-05
 -6.34238
  29.1816
0.0757206
  -0.403619
   0.395651
0.000229236
 -2.11985
  8.68013
0.0205746
 -0.506831
  0.882924
0.00131154
  -0.438753
   0.558343
0.000549139
 -0.442099
  0.580804
0.00101485
points size
82
