[198.378, 156.883] [152.407, 473.521]
[262.899, 219.473] [332.447, 212.664]
[386.019, 239.965] [447.709, 224.922]
[393.008, 243.507] [433.614, 225.554]
[510.136, 341.911] [73.0584, 316.207]
[159.544, 117.266] [324.955, 353.191]
[283.027, 179.34] [305.071, 205.781]
[264.76, 180.424] [320.471, 178.437]
[47.3173, 207.995] [324.77, 420.242]
[295.097, 211.832] [384.153, 204.433]
[151.568, 216.012] [24.8814, 208.191]
[73.7657, 233.541] [564.493, 461.834]
[169.267, 293.412] [307.542, 278.012]
[169.267, 293.412] [307.542, 278.012]
[86.8467, 359.424] [345.991, 424.347]
[456.681, 456.533] [539.825, 412.739]
[387.22, 457.477] [491.436, 424.797]
[180.29, 308.13] [354.019, 85.47]
[265.481, 442.92] [379.986, 410.756]
[276.678, 271.86] [319.65, 105.245]
[269.216, 381.335] [290.742, 381.314]
[611.114, 393.55] [507.268, 342.393]
[79.1306, 437.25] [235.924, 461.443]
[569.352, 455.084] [255.991, 296.177]
[380.008, 367.013] [392.074, 352.325]
[205.979, 188.43] [409.507, 228.364]
[226.865, 311.416] [299.176, 309.144]
[77.5112, 429.792] [232.217, 457.833]
[284.263, 322.853] [365.342, 312.234]
[284.263, 322.853] [365.342, 312.234]
[229.224, 370.38] [396.408, 103.647]
FUNDAMENTAL MATRIX by colmap
[-0.0001316536605543215, -0.0001091250806960325, 0.06763217826029944;
 -4.895978079407349e-05, -2.35883224396893e-05, 0.02131751554337101;
 -5.284166420734947e-07, 2.650803172225411e-05, -0.005807615144944995]
ESSENTIAL MATRIX
[-70.40654766066095, -58.41714898447933, -0.4143662179445258;
 -26.20928929126396, -12.64004164265321, 0.01863907258043263;
 -39.335937396448, -29.63847773071293, -0.1745656213213316]
CAMERA MATRIX
[731.2907081756015, 0, 319.5;
 0, 732.0246818363515, 239.5;
 0, 0, 1]
essential
 -70.4065  -58.4171 -0.414366
 -26.2093    -12.64 0.0186391
 -39.3359  -29.6385 -0.174566
projection 1
1 0 0 0
0 1 0 0
0 0 1 0
projection 2
-0.806717  0.435891  0.399006  0.382682
 0.563679  0.770314  0.298131  0.289002
-0.177408  0.465419 -0.867129 -0.877515
projection 1
1 0 0 0
0 1 0 0
0 0 1 0
projection 2
 0.814268 -0.450419  0.366183  0.382682
-0.557977 -0.781286   0.27974  0.289002
 0.160094 -0.432105 -0.887499 -0.877515
projection 1
1 0 0 0
0 1 0 0
0 0 1 0
projection 2
-0.806717  0.435891  0.399006 -0.382682
 0.563679  0.770314  0.298131 -0.289002
-0.177408  0.465419 -0.867129  0.877515
projection 1
1 0 0 0
0 1 0 0
0 0 1 0
projection 2
 0.814268 -0.450419  0.366183 -0.382682
-0.557977 -0.781286   0.27974 -0.289002
 0.160094 -0.432105 -0.887499  0.877515
  1.67221
  2.55756
0.0114564
  0.118384
    1.9485
0.00390647
  -0.705869
    1.62598
0.000566081
  -0.613509
    1.66172
0.000761534
   2.10894
   2.72209
0.00532006
 0.694591
   2.1777
0.0093289
 0.0261577
   1.91279
0.00311547
 -0.246145
   1.80773
0.00253554
   0.15573
   1.97072
0.00916993
-0.253077
  1.80283
0.0023228
  1.57873
   2.5405
0.0113172
-0.0267438
   1.89497
0.00734275
  0.219862
   1.99022
0.00541166
  0.219862
   1.99022
0.00541166
  0.137954
   1.95626
0.00522986
  0.282133
   2.00405
0.00250203
 0.331542
  2.02418
0.0029342
 -0.435847
   1.73643
0.00357681
  0.352473
    2.0351
0.00373054
 -0.517791
   1.70398
0.00212186
  0.564199
     2.119
0.00440476
 0.0436192
   1.91175
0.00147319
   0.32998
   2.02925
0.00462601
  0.730108
   2.18123
0.00265017
  0.429664
   2.06397
0.00329757
-0.000218264
     1.90268
  0.00459197
   0.40552
   2.06008
0.00493975
  0.333338
   2.03079
0.00471168
  0.337354
   2.03091
0.00405973
  0.337354
   2.03091
0.00405973
 -0.406291
   1.74532
0.00291312
points size
31
